第1筆資料
0.0 0.0 0.0 0.0 0.0
第2筆資料
46.375 1.5410958904109588 0.883248730964467 1.0921052631578947 0.5611586236906824
第3筆資料
46.375 1.5410958904109588 0.883248730964467 1.0921052631578947 0.5611586236906824
第4筆資料
28.208333333333332 1.115625 0.7538860103626943 0.9911764705882353 0.27206449821958045
第5筆資料
7.666666666666667 0.6428571428571429 1.4533333333333334 0.8969072164948454 0.586251015803056
第6筆資料
14.208333333333334 1.1180124223602483 1.0666666666666667 1.1180124223602483 0.1797173005225477
第7筆資料
40.166666666666664 1.4282115869017633 1.0252100840336134 1.0731182795698924 0.43514020074128884
第8筆資料
20.958333333333332 2.0119760479041915 0.617363344051447 0.96484375 1.0824704586829796
第9筆資料
35.125 1.1075 0.7417355371900827 1.0411622276029056 0.28275627620218896
第10筆資料
60.666666666666664 1.0335195530726258 0.8453738910012675 0.8245614035087719 0.23624456641600972
第11筆資料
29.333333333333332 0.9393939393939394 0.527114967462039 0.7913486005089059 0.5204121012142262
第12筆資料
40.666666666666664 1.966565349544073 0.3785310734463277 0.8277153558052435 1.1619613591838343
第13筆資料
54.625 0.9714285714285714 0.7644683714670256 0.8675213675213675 0.2717389604628233
第14筆資料
46.5 1.0859813084112149 0.5225102319236017 1.0938086303939962 0.49415516100730394
第15筆資料
16.5 1.2247191011235956 0.7368421052631579 1.0 0.34605021596890195
第16筆資料
10.708333333333334 1.0236220472440944 0.8226950354609929 0.9769230769230769 0.18035408491320354
第17筆資料
0.0 0.0 0.0 0.0 0.0
第18筆資料
10.25 1.8941176470588235 0.7323943661971831 1.3883495145631068 1.0108780774586097
第19筆資料
0.0 0.0 0.0 0.0 0.0
第20筆資料
19.791666666666668 1.2093023255813953 1.074235807860262 0.9957983193277311 0.22211725007958713
第21筆資料
0.0 0.0 0.0 0.0 0.0
第22筆資料
29.25 0.7205882352941176 0.9338842975206612 0.6714285714285714 0.4363500934385843
第23筆資料
75.875 1.8188854489164086 1.167857142857143 1.0576271186440678 0.837896344220697
第24筆資料
18.458333333333332 1.1196172248803828 1.0509259259259258 0.8613445378151261 0.1900712172139642
第25筆資料
32.458333333333336 1.504823151125402 1.311572700296736 0.7427293064876958 0.6466159379590655
第26筆資料
17.666666666666668 0.37216828478964403 1.0287081339712918 0.8275862068965517 0.6517080140925151
第27筆資料
11.0 1.0465116279069768 1.0307692307692307 0.927007299270073 0.09185864930716064
第28筆資料
14.416666666666666 0.7927461139896373 1.1097560975609757 0.8702702702702703 0.2680118971127206
第29筆資料
11.083333333333334 1.0151515151515151 1.2542372881355932 0.9558823529411765 0.25848120603234226
第30筆資料
104.20833333333333 2.2821522309711284 1.2491007194244603 2.4354395604395602 1.9407349750743772
第31筆資料
35.208333333333336 1.6160990712074303 1.3150684931506849 1.0167064439140812 0.6921887937457207
第32筆資料
38.0 1.4063324538258575 0.8461538461538461 0.9783080260303688 0.43502326813642533
第33筆資料
58.166666666666664 0.8465608465608465 1.2018927444794953 0.9971387696709585 0.2535989761820475
第34筆資料
10.708333333333334 1.3363636363636364 0.917910447761194 0.9922480620155039 0.3463225129803891
第35筆資料
17.208333333333332 1.1288659793814433 0.9209302325581395 1.065 0.16457055862227743
第36筆資料
19.333333333333332 2.7419354838709675 0.6223776223776224 0.9414225941422594 1.7833589662563682
第37筆資料
0.0 0.0 0.0 0.0 0.0
第38筆資料
4.083333333333333 1.2272727272727273 1.7222222222222223 1.3902439024390243 0.8517911329806311
第39筆資料
42.625 2.2788461538461537 0.7947368421052632 1.2 1.3105649351314188
第40筆資料
16.5 1.1521739130434783 1.0732984293193717 1.1176470588235294 0.20584069083025835
第41筆資料
42.666666666666664 1.5346534653465347 0.7655172413793103 0.8788990825688073 0.5962398211291353
第42筆資料
9.083333333333334 1.449438202247191 0.847457627118644 0.7165354330708661 0.5528255003776354
第43筆資料
80.45833333333333 1.2611241217798594 0.9252243270189432 1.028361344537815 0.273096272601926
第44筆資料
12.958333333333334 1.2536231884057971 0.9559748427672956 1.1156462585034013 0.28220027156670546
第45筆資料
13.333333333333334 1.1476510067114094 1.1333333333333333 1.1768707482993197 0.26619890902224175
第46筆資料
22.958333333333332 0.7660256410256411 1.0950570342205324 1.1952191235059761 0.3192026732261295
第47筆資料
61.041666666666664 3.334319526627219 0.8176178660049628 0.9959128065395095 2.3414370801591255
第48筆資料
25.916666666666668 2.2736842105263158 0.8081395348837209 1.182456140350877 1.3009120452092133
第49筆資料
46.5 2.4875 1.1379310344827587 0.8265139116202946 1.5039210893975703
第50筆資料
20.916666666666668 2.0240963855421685 0.7676056338028169 1.0160642570281124 1.0502564490040467
第51筆資料
53.666666666666664 1.1114754098360655 0.9634146341463414 0.9368421052631579 0.1332447959972728
第52筆資料
88.0 1.1014925373134328 1.3081967213114754 1.013346043851287 0.32475232261516196
第53筆資料
10.958333333333334 1.603960396039604 1.2478632478632479 1.0076335877862594 0.6528879086704882
第54筆資料
50.125 1.9557739557739557 1.2612781954887218 0.9950248756218906 0.9908556412698147
第55筆資料
0.0 0.0 0.0 0.0 0.0
第56筆資料
15.375 0.9838709677419355 1.0054347826086956 1.1705882352941177 0.1714352022320583
第57筆資料
14.291666666666666 0.9055555555555556 1.1708860759493671 0.9941860465116279 0.19533460035272188
第58筆資料
16.291666666666668 1.1021505376344085 1.3136094674556213 1.0364583333333333 0.3318355624194634
第59筆資料
18.375 1.4364640883977902 1.5491329479768785 1.0511627906976744 0.7033246236032584
第60筆資料
0.0 0.0 0.0 0.0 0.0
第61筆資料
17.041666666666668 0.7112970711297071 1.463855421686747 0.7330508474576272 0.608089700134418
第62筆資料
32.208333333333336 1.7805755395683454 1.895131086142322 1.0182767624020888 1.1878096962033309
第63筆資料
8.333333333333334 1.5974025974025974 3.4444444444444446 0.8867924528301887 2.5189312126564483
第64筆資料
23.791666666666668 1.017667844522968 1.2658730158730158 1.099264705882353 0.28434854515789376
第65筆資料
15.708333333333334 1.7122302158273381 0.9137055837563451 1.3860759493670887 0.8147228027323088
第66筆資料
6.375 2.4 1.013157894736842 1.25 1.4222071333648645
第67筆資料
5.666666666666667 0.863013698630137 1.4727272727272727 0.9428571428571428 0.49548120778250426
第68筆資料
15.125 1.3121019108280254 1.0393258426966292 1.0279329608938548 0.3158074966662482
第69筆資料
26.916666666666668 2.279187817258883 0.7180851063829787 0.9695121951219512 1.310239285517315
第70筆資料
38.625 1.9242902208201893 0.6553571428571429 1.0284463894967177 0.9868638752932569
第71筆資料
42.083333333333336 2.033033033033033 0.8264014466546112 0.9611650485436893 1.0482375010061664
第72筆資料
18.416666666666668 1.5257142857142858 1.0654205607476634 0.8888888888888888 0.5412957038301396
第73筆資料
15.625 1.4509803921568627 1.1929824561403508 0.9329896907216495 0.49509183394346173
第74筆資料
23.208333333333332 1.771144278606965 1.1929133858267718 0.9075342465753424 0.8002680728454654
第75筆資料
27.666666666666668 2.0458715596330275 1.721311475409836 0.8599439775910365 1.2781835757120945
第76筆資料
25.625 1.5732217573221758 1.5732217573221758 1.063758389261745 0.8131614220659383
第77筆資料
22.458333333333332 1.2936170212765958 1.681592039800995 1.3640350877192982 0.8266197487322808
第78筆資料
51.041666666666664 1.55741127348643 1.1416083916083917 1.4353876739562623 0.7213339663545062
第79筆資料
0.0 0.0 0.0 0.0 0.0
第80筆資料
19.0 2.211267605633803 1.6666666666666667 0.7014925373134329 1.4144682259357624
第81筆資料
4.041666666666667 1.0208333333333333 1.2045454545454546 1.0638297872340425 0.21528379523625912
第82筆資料
12.708333333333334 0.967741935483871 0.930379746835443 0.9182389937106918 0.11212682340307353
第83筆資料
16.875 1.9136690647482015 0.8409090909090909 0.9852941176470589 0.9275329321425756
第84筆資料
42.125 3.4148471615720526 1.1464968152866242 0.9220532319391636 2.420542052783395
第85筆資料
0.0 0.0 0.0 0.0 0.0
第86筆資料
10.333333333333334 2.1 1.1379310344827587 1.0495867768595042 1.1097224061506545
第87筆資料
26.416666666666668 2.154228855721393 1.4106463878326996 1.1418918918918919 1.2332915373927693
第88筆資料
39.916666666666664 1.582210242587601 1.2383177570093458 1.2279069767441861 0.6691081451667987
第89筆資料
22.25 0.797979797979798 1.119047619047619 0.8671328671328671 0.26951469834041075
第90筆資料
17.208333333333332 0.8858447488584474 1.1851851851851851 1.1510416666666667 0.2648368540152724
第91筆資料
26.666666666666668 0.7534246575342466 1.0253164556962024 1.0253164556962024 0.24916108317740782
第92筆資料
4.833333333333333 2.2222222222222223 1.1090909090909091 0.9661016949152542 1.2275492177618488
第93筆資料
10.625 1.9310344827586208 1.2972972972972974 1.125 0.9853100481908678
第94筆資料
8.75 1.763157894736842 0.8584070796460177 0.875 0.786182884190147
第95筆資料
14.916666666666666 1.5390070921985815 1.1058823529411765 1.4189189189189189 0.690820366472302
第96筆資料
59.333333333333336 2.2363636363636363 0.8761528326745718 1.207751937984496 1.2597992022196078
第97筆資料
9.041666666666666 1.2371134020618557 1.0092592592592593 1.1274509803921569 0.2693552518929218
第98筆資料
14.791666666666666 1.4315068493150684 1.0520231213872833 1.0285714285714285 0.43556961865504973
第99筆資料
17.25 1.0597014925373134 0.84 0.5333333333333333 0.4969326372748732
第100筆資料
5.291666666666667 1.702127659574468 1.309090909090909 1.0158730158730158 0.7673150546255885
第101筆資料
24.625 0.8526645768025078 0.98989898989899 0.7694610778443114 0.2737844991276012
第102筆資料
14.916666666666666 1.2375 1.0 0.8743455497382199 0.2686918139255273
第103筆資料
12.5 1.2900763358778626 1.127659574468085 1.097902097902098 0.331701776243859
第104筆資料
27.333333333333332 2.813953488372093 1.2013422818791946 1.1721854304635762 1.833197696625635
第105筆資料
20.583333333333332 2.3378378378378377 1.5204081632653061 1.47 1.5104750036805608
第106筆資料
7.416666666666667 2.869565217391304 1.144578313253012 1.119047619047619 1.8789223843318774
第107筆資料
0.0 0.0 0.0 0.0 0.0
第108筆資料
43.833333333333336 2.217125382262997 2.308176100628931 0.9197080291970803 1.7886211748106358
第109筆資料
40.333333333333336 1.4884318766066837 0.6323777403035413 1.0465116279069768 0.6130865807048906
第110筆資料
4.875 1.0172413793103448 2.1621621621621623 1.0526315789473684 1.1634810868357286
第111筆資料
0.0 0.0 0.0 0.0 0.0
第112筆資料
14.875 1.0056179775280898 1.04 1.0284090909090908 0.049382568967066824
第113筆資料
0.0 0.0 0.0 0.0 0.0
第114筆資料
13.166666666666666 1.2253521126760563 1.1944444444444444 1.1066666666666667 0.31618031950241365
第115筆資料
10.333333333333334 2.024390243902439 0.9076923076923077 0.8102189781021898 1.0459029200333303
第116筆資料
8.625 2.3934426229508197 1.202127659574468 1.0097087378640777 1.4080597266494153
第117筆資料
13.625 1.5952380952380953 0.9011627906976745 0.8268156424581006 0.6277499547292282
第118筆資料
6.583333333333333 2.511111111111111 1.2571428571428571 1.051948051948052 1.5337137409582813
第119筆資料
2.7083333333333335 0.9696969696969697 0.8055555555555556 1.1666666666666667 0.257885039113619
第120筆資料
53.333333333333336 3.0 0.9104477611940298 1.8444444444444446 2.1728106275578294
第121筆資料
16.666666666666668 0.8957345971563981 1.105263157894737 0.8099547511312217 0.24097469422681456
第122筆資料
15.666666666666666 3.372093023255814 0.9183673469387755 1.35 2.3991642713713297
第123筆資料
4.75 1.425531914893617 1.0357142857142858 1.375 0.5683114646011552
第124筆資料
9.125 1.4886363636363635 0.990909090909091 1.0857142857142856 0.4961804906194699
第125筆資料
4.875 1.1666666666666667 0.95 1.34 0.3819394949174252
第126筆資料
5.25 1.5714285714285714 1.1724137931034482 1.4230769230769231 0.7316086461609467
第127筆資料
5.041666666666667 1.75 1.2 1.6304347826086956 0.9999740072236244
第128筆資料
6.333333333333333 3.342857142857143 1.2352941176470589 1.1111111111111112 2.357262945165089
第129筆資料
4.0 1.6666666666666667 0.8823529411764706 1.1333333333333333 0.6899732260544965
第130筆資料
10.5 2.36 0.96875 1.290909090909091 1.391116336498696
第131筆資料
21.75 1.7914438502673797 0.818815331010453 0.9333333333333333 0.8146506593917118
第132筆資料
33.875 2.033582089552239 0.8519362186788155 0.9590361445783132 1.0449367715959226
第133筆資料
23.541666666666668 1.868020304568528 1.189922480620155 1.5 1.0195733410540673
第134筆資料
0.0 0.0 0.0 0.0 0.0
第135筆資料
13.125 1.7876106194690264 1.3507462686567164 1.2183098591549295 0.889388906767584
第136筆資料
3.0 0.7142857142857143 1.0571428571428572 0.9459459459459459 0.29634405670327196
第137筆資料
15.333333333333334 0.812807881773399 1.1904761904761905 1.0558659217877095 0.27284257270754914
第138筆資料
4.833333333333333 1.32 1.1090909090909091 1.0714285714285714 0.3455471997609119
第139筆資料
11.916666666666666 1.288 1.2170542635658914 0.9861111111111112 0.36090089299792455
第140筆資料
13.208333333333334 1.3308823529411764 0.9567901234567902 0.9329268292682927 0.3403660311352668
第141筆資料
94.70833333333333 1.486870897155361 1.0150709219858156 1.1585944919278253 0.5122720137350992
第142筆資料
30.0 0.7910447761194029 0.988950276243094 1.0689655172413792 0.22031936944005934
第143筆資料
42.125 0.9479768786127167 0.6600985221674877 0.7311643835616438 0.43647681319560705
第144筆資料
17.333333333333332 0.9530516431924883 2.0814814814814815 0.9348837209302325 1.0844567639118663
第145筆資料
15.625 1.11864406779661 1.2727272727272727 1.5510204081632653 0.6261629742527054
第146筆資料
9.5 1.5054945054945055 1.054054054054054 1.5333333333333334 0.7368113600435717
第147筆資料
20.791666666666668 2.8384615384615386 0.7949640287769785 1.0878661087866108 1.8519452019352614
第148筆資料
0.0 0.0 0.0 0.0 0.0
第149筆資料
8.416666666666666 2.607142857142857 2.3666666666666667 1.02 2.1097596879841753
第150筆資料
12.458333333333334 2.3222222222222224 3.0405405405405403 1.2651515151515151 2.4458909682393646
第151筆資料
11.75 1.220472440944882 2.2413793103448274 0.8552631578947368 1.269086065966764
第152筆資料
0.0 0.0 0.0 0.0 0.0
第153筆資料
25.5 2.438202247191011 0.7842565597667639 1.1176470588235294 1.4590448129782627
第154筆資料
14.958333333333334 0.9725274725274725 1.7829457364341086 0.9725274725274725 0.7839091182859186
第155筆資料
19.625 1.6610169491525424 1.1506849315068493 1.1605504587155964 0.696725057281527
第156筆資料
0.0 0.0 0.0 0.0 0.0
第157筆資料
0.0 0.0 0.0 0.0 0.0
第158筆資料
0.0 0.0 0.0 0.0 0.0
第159筆資料
0.0 0.0 0.0 0.0 0.0
第160筆資料
0.0 0.0 0.0 0.0 0.0
第161筆資料
10.833333333333334 2.466666666666667 1.2608695652173914 0.6049382716049383 1.541180654696365
第162筆資料
10.833333333333334 2.466666666666667 1.2608695652173914 0.6049382716049383 1.541180654696365
第163筆資料
48.166666666666664 1.354378818737271 0.8981937602627258 1.0754039497307002 0.3763437434767009
第164筆資料
16.75 1.7534246575342465 0.9514563106796117 1.0721649484536082 0.7584279689850204
第165筆資料
16.75 1.7534246575342465 0.9514563106796117 1.0721649484536082 0.7584279689850204
第166筆資料
25.041666666666668 1.2593984962406015 1.1934306569343065 0.9387096774193548 0.3293319033072294
第167筆資料
13.833333333333334 2.5319148936170213 1.2432432432432432 1.4411764705882353 1.612627419731487
第168筆資料
17.416666666666668 1.75 1.0 0.908675799086758 0.755539614892854
第169筆資料
17.416666666666668 1.75 1.0 0.908675799086758 0.755539614892854
第170筆資料
11.666666666666666 1.8 0.8543046357615894 1.9787234042553192 1.2724490721430404
第171筆資料
11.666666666666666 1.8 0.8543046357615894 1.9787234042553192 1.2724490721430404
第172筆資料
0.0 0.0 0.0 0.0 0.0
第173筆資料
52.75 0.5571955719557196 1.7702407002188183 1.0256 0.888820486807768
第174筆資料
16.583333333333332 1.1397849462365592 1.0101010101010102 1.1283422459893049 0.19003576954088858
第175筆資料
6.5 0.3684210526315789 0.625 1.0 0.734518186812963
第176筆資料
23.25 2.016216216216216 0.910958904109589 1.146153846153846 1.0305264002458796
第177筆資料
12.583333333333334 3.026666666666667 0.6149732620320856 1.3053435114503817 2.085391576350313
第178筆資料
0.0 0.0 0.0 0.0 0.0
第179筆資料
36.75 1.9898305084745762 1.0752941176470587 0.8765957446808511 1.0003310701413612
第180筆資料
9.125 2.9107142857142856 1.5465116279069768 1.1683168316831682 1.9944509512389736
第181筆資料
75.08333333333333 1.5132496513249651 1.181598062953995 0.8056112224448898 0.5780917383021587
第182筆資料
21.458333333333332 0.8197879858657244 0.9581749049429658 1.2391304347826086 0.30233933494367177
第183筆資料
0.0 0.0 0.0 0.0 0.0
第184筆資料
32.583333333333336 0.8356807511737089 1.3768996960486322 0.7977011494252874 0.45823467935135354
第185筆資料
32.25 0.9948453608247423 1.3888888888888888 0.8650602409638555 0.41166719176416566
第186筆資料
59.541666666666664 1.9524793388429753 1.161875945537065 1.2827476038338659 1.0066612737858067
第187筆資料
53.625 1.3442622950819672 1.7209302325581395 0.9984472049689441 0.7989113462730674
第188筆資料
0.0 0.0 0.0 0.0 0.0
第189筆資料
67.0 1.4700460829493087 0.9925650557620818 1.1382978723404256 0.4900254074899566
第190筆資料
14.291666666666666 2.5 1.0416666666666667 1.0058479532163742 1.5005899871943476
第191筆資料
0.0 0.0 0.0 0.0 0.0
第192筆資料
40.333333333333336 3.016597510373444 1.0208768267223383 0.9017681728880157 2.0190965436541477
第193筆資料
0.0 0.0 0.0 0.0 0.0
第194筆資料
24.75 2.3 1.0 1.2 1.3152946437965904
第195筆資料
26.375 1.2607142857142857 1.6049382716049383 1.0485436893203883 0.660513997581213
第196筆資料
61.166666666666664 1.6214285714285714 2.2052401746724892 1.1031518624641834 1.359932959657261
第197筆資料
17.375 1.6730769230769231 1.6226415094339623 1.3038674033149171 0.9659453361584452
第198筆資料
0.0 0.0 0.0 0.0 0.0
第199筆資料
0.0 0.0 0.0 0.0 0.0
第200筆資料
11.416666666666666 1.8541666666666667 1.2833333333333334 1.192 0.9201861073838391
第201筆資料
39.166666666666664 1.81437125748503 2.3215547703180213 0.9873150105708245 1.5523751044528142
第202筆資料
13.583333333333334 1.0897435897435896 1.4511278195488722 0.9520958083832335 0.4624554389835213
第203筆資料
0.0 0.0 0.0 0.0 0.0
第204筆資料
10.291666666666666 2.6323529411764706 1.2252252252252251 2.9206349206349205 2.5306404377168112
第205筆資料
0.0 0.0 0.0 0.0 0.0
第206筆資料
0.0 0.0 0.0 0.0 0.0
第207筆資料
12.708333333333334 2.8125 1.1180555555555556 1.1631205673758864 1.8236506473824865
第208筆資料
33.291666666666664 2.429184549356223 0.9875621890547264 0.8888888888888888 1.4335511341671794
第209筆資料
0.0 0.0 0.0 0.0 0.0
第210筆資料
13.416666666666666 2.425531914893617 0.9166666666666666 1.0 1.4279655755040832
第211筆資料
0.0 0.0 0.0 0.0 0.0
第212筆資料
27.708333333333332 2.5 0.8021680216802168 1.071651090342679 1.5146852380587903
第213筆資料
6.291666666666667 1.3968253968253967 0.4803921568627451 0.6777777777777778 0.7288963346795008
第214筆資料
3.75 1.3076923076923077 2.4615384615384617 1.0930232558139534 1.4964700320726303
第215筆資料
21.333333333333332 1.1333333333333333 1.015748031496063 0.9104477611940298 0.16138581644289648
第216筆資料
59.916666666666664 1.1240768094534712 1.1887366818873668 1.0720461095100864 0.237080643726023
第217筆資料
0.0 0.0 0.0 0.0 0.0
第218筆資料
0.0 0.0 0.0 0.0 0.0
第219筆資料
0.0 0.0 0.0 0.0 0.0
第220筆資料
0.0 0.0 0.0 0.0 0.0
第221筆資料
82.79166666666667 1.6742934051144012 0.8622305529522024 1.037948717948718 0.6892692666255917
第222筆資料
17.791666666666668 1.4970760233918128 0.7866108786610879 0.9147982062780269 0.5476119390501385
第223筆資料
34.208333333333336 2.6651785714285716 1.094387755102041 1.2431693989071038 1.6854851169983507
第224筆資料
41.583333333333336 3.024193548387097 0.7236614853195165 1.0202429149797572 2.04306932619396
第225筆資料
44.625 2.9375 1.120792079207921 1.087719298245614 1.9432425612064173
第226筆資料
22.25 1.3839285714285714 0.8936170212765957 0.9925373134328358 0.39846477612462516
第227筆資料
15.083333333333334 1.1294117647058823 0.9153439153439153 1.3205128205128205 0.3558686915516344
第228筆資料
62.708333333333336 2.591885441527446 0.7005649717514124 0.8978562421185372 1.623020006766217
第229筆資料
18.625 1.280612244897959 1.1594202898550725 0.9691629955947136 0.32420515363707464
第230筆資料
24.166666666666668 1.9441624365482233 1.1014492753623188 0.9661016949152542 0.950201955979799
第231筆資料
11.666666666666666 2.076923076923077 1.1538461538461537 1.014388489208633 1.0879517366521498
第232筆資料
0.0 0.0 0.0 0.0 0.0
第233筆資料
32.25 2.8894472361809047 1.0368421052631578 1.2434782608695651 1.9054264253830293
第234筆資料
0.0 0.0 0.0 0.0 0.0
第235筆資料
0.0 0.0 0.0 0.0 0.0
第236筆資料
12.083333333333334 2.1868131868131866 1.4576271186440677 0.6477272727272727 1.31986521830538
第237筆資料
5.083333333333333 2.388888888888889 1.2181818181818183 0.8769230769230769 1.4112985440572874
第238筆資料
28.083333333333332 2.2403846153846154 0.8567493112947658 1.239202657807309 1.2713349933827216
第239筆資料
0.0 0.0 0.0 0.0 0.0
第240筆資料
0.0 0.0 0.0 0.0 0.0
第241筆資料
0.0 0.0 0.0 0.0 0.0
第242筆資料
30.0 1.589928057553957 0.7061611374407583 0.9512195121951219 0.6608599898843744
第243筆資料
22.583333333333332 1.4636363636363636 0.9017543859649123 1.1254901960784314 0.49026387555568984
第244筆資料
58.666666666666664 1.293159609120521 1.2894308943089432 1.085925925925926 0.42082783147790864
第245筆資料
0.0 0.0 0.0 0.0 0.0
第246筆資料
35.583333333333336 1.9550173010380623 0.8565217391304348 1.0778588807785887 0.9688684440832379
第247筆資料
54.25 1.1663893510815309 1.706860706860707 0.9908256880733946 0.7262380071686402
第248筆資料
14.333333333333334 1.5671641791044777 1.123456790123457 0.9545454545454546 0.5822223808729123
第249筆資料
18.375 1.5056818181818181 0.96 1.0045454545454546 0.507281738678512
第250筆資料
11.041666666666666 1.5980392156862746 1.4090909090909092 1.264957264957265 0.7714976523963732
第251筆資料
11.041666666666666 1.5980392156862746 1.4090909090909092 1.264957264957265 0.7714976523963732
第252筆資料
35.583333333333336 1.9550173010380623 0.8565217391304348 1.0778588807785887 0.9688684440832379
第253筆資料
5.125 1.9285714285714286 1.3653846153846154 0.835820895522388 1.0112890751244263
第254筆資料
11.958333333333334 1.411764705882353 1.094890510948905 0.8397435897435898 0.4519253247017651
第255筆資料
15.0 2.076923076923077 0.9251336898395722 1.1428571428571428 1.0889336257420887
第256筆資料
0.0 0.0 0.0 0.0 0.0
第257筆資料
32.5 2.6792452830188678 1.8571428571428572 1.4074074074074074 1.9288699784336327
第258筆資料
73.58333333333333 1.4325068870523416 0.8907922912205567 0.9174809989142236 0.45364955256757067
第259筆資料
39.583333333333336 2.4296028880866425 0.9114688128772636 1.074235807860262 1.4342639728751803
第260筆資料
44.708333333333336 1.4166666666666667 0.6014925373134329 1.0207156308851224 0.5769301918698357
第261筆資料
31.333333333333332 1.9490196078431372 0.6600441501103753 1.1183098591549296 1.0149903540025285
第262筆資料
51.625 0.9983870967741936 0.6698113207547169 0.9729299363057324 0.3313003979879468
第263筆資料
34.666666666666664 1.08 0.7702127659574468 1.0096618357487923 0.24350672269767784
第264筆資料
34.625 1.1640625 0.7457983193277311 0.8929384965831435 0.32093171217057026
第265筆資料
23.75 0.8566775244299675 1.0577617328519855 1.0284697508896796 0.15712503461036093
第266筆資料
19.333333333333332 0.9173553719008265 1.0622222222222222 1.2307692307692308 0.25289558588821753
第267筆資料
108.66666666666667 0.9433681073025335 1.0015349194167307 0.9893211289092296 0.05765037325019246
第268筆資料
27.083333333333332 2.009259259259259 0.8840579710144928 0.9005847953216374 1.0207498172456684
第269筆資料
15.208333333333334 2.5096153846153846 1.5172413793103448 1.2670807453416149 1.6179645788677068
第270筆資料
25.291666666666668 1.759090909090909 0.9901639344262295 1.1149825783972125 0.7678129653667651
第271筆資料
23.416666666666668 2.6025641025641026 0.8486842105263158 0.9246575342465754 1.6114542060253956
第272筆資料
20.375 2.23841059602649 1.3175355450236967 1.0720338983050848 1.280499320268937
第273筆資料
22.958333333333332 1.8256410256410256 0.7717041800643086 0.8677966101694915 0.8667639937747481
第274筆資料
71.58333333333333 1.2398956975228161 0.8817086527929902 0.9907300115874855 0.26763542590467354
第275筆資料
15.25 1.7518796992481203 1.1529411764705881 0.9468085106382979 0.7691185995294663
第276筆資料
22.833333333333332 2.186046511627907 1.0679245283018868 0.621301775147929 1.2468890948259475
第277筆資料
3.5 1.2702702702702702 1.4 0.8666666666666667 0.500823119244452
第278筆資料
22.125 3.1811023622047245 1.0267175572519085 1.1762295081967213 2.1883734100559247
第279筆資料
0.0 0.0 0.0 0.0 0.0
第280筆資料
6.833333333333333 1.4848484848484849 1.1025641025641026 0.9069767441860465 0.5042328574348159
第281筆資料
0.0 0.0 0.0 0.0 0.0
第282筆資料
28.166666666666668 0.9314285714285714 1.017910447761194 1.0 0.07087189115109739
第283筆資料
26.25 0.5365853658536586 1.1283783783783783 0.5829145728643216 0.6365488077948154
第284筆資料
38.083333333333336 2.556420233463035 1.9967213114754099 1.0087912087912088 1.8482355372718056
第285筆資料
14.791666666666666 1.6893939393939394 0.8882978723404256 1.2611464968152866 0.7456130778062219
第286筆資料
14.75 1.5285714285714285 1.744186046511628 0.9776536312849162 0.913071731639633
第287筆資料
23.625 1.8208955223880596 0.6340057636887608 0.8651315789473685 0.9088513248529939
第288筆資料
28.041666666666668 3.259493670886076 0.7710526315789473 0.6454767726161369 2.2985680901456518
第289筆資料
0.0 0.0 0.0 0.0 0.0
第290筆資料
52.416666666666664 3.2644067796610168 0.9324116743471582 1.1322033898305084 2.2692694819747627
第291筆資料
50.375 3.1404109589041096 1.1666666666666667 1.1398230088495576 2.1514384315100283
第292筆資料
0.0 0.0 0.0 0.0 0.0
第293筆資料
27.125 2.1 1.8933333333333333 0.9667673716012085 1.4174444793482166
第294筆資料
48.75 2.2142857142857144 1.6470588235294117 1.1546961325966851 1.384595901505564
第295筆資料
10.375 2.1125 1.4411764705882353 0.9606299212598425 1.1974318065345926
第296筆資料
12.125 2.2333333333333334 0.9019607843137255 0.9271523178807947 1.239366605857053
第297筆資料
10.791666666666666 2.197530864197531 0.8905109489051095 1.1583333333333334 1.212904558264907
第298筆資料
19.291666666666668 1.4114583333333333 1.315 0.889795918367347 0.5297809921825629
第299筆資料
22.666666666666668 1.2857142857142858 1.2953586497890295 1.0451127819548873 0.41340603304999346
第300筆資料
42.125 1.8968481375358166 0.8381818181818181 1.005952380952381 0.9113490750570867
第301筆資料
60.625 2.711734693877551 0.8324937027707808 0.9688768606224628 1.7201926263184102
第302筆資料
12.125 1.6697247706422018 0.9271523178807947 1.0638297872340425 0.6766921714784602
第303筆資料
17.166666666666668 2.193798449612403 0.9252336448598131 0.9903381642512077 1.1961764490358278
第304筆資料
7.25 0.6730769230769231 1.1481481481481481 1.0 0.3589241870152772
第305筆資料
2.4583333333333335 0.5945945945945946 2.933333333333333 0.40476190476190477 2.063114080833237
第306筆資料
2.5416666666666665 0.8484848484848485 1.44 0.7941176470588235 0.5088657822955425
第307筆資料
0.0 0.0 0.0 0.0 0.0
第308筆資料
0.0 0.0 0.0 0.0 0.0
第309筆資料
13.625 2.144230769230769 2.0 0.7868852459016393 1.534497296077397
第310筆資料
15.458333333333334 3.4166666666666665 3.215909090909091 0.864321608040201 3.2816062382613986
第311筆資料
0.0 0.0 0.0 0.0 0.0
第312筆資料
59.916666666666664 2.9944444444444445 0.9752747252747253 0.6193693693693694 2.030590962788868
第313筆資料
10.208333333333334 1.0081967213114753 1.5789473684210527 1.6344086021505377 0.8589071638567927
第314筆資料
14.5 1.4507042253521127 1.2451612903225806 1.0714285714285714 0.5180158277883092
第315筆資料
20.708333333333332 2.404109589041096 1.5357142857142858 1.0121457489878543 1.5028842447687043
第316筆資料
19.125 3.4134615384615383 2.0805369127516777 1.2835820895522387 2.6594690107175296
第317筆資料
74.5 3.0636363636363635 0.8115501519756839 1.002239641657335 2.0722242645373723
第318筆資料
14.875 1.259493670886076 1.2452830188679245 1.1 0.37081090137008343
第319筆資料
45.25 2.78397212543554 1.0884615384615384 0.989010989010989 1.78619784639902
第320筆資料
42.75 3.1204819277108435 1.052 1.3478260869565217 2.1494489043742773
第321筆資料
0.0 0.0 0.0 0.0 0.0
第322筆資料
24.416666666666668 3.4393939393939394 1.0347222222222223 1.085409252669039 2.4411356301339375
第323筆資料
29.083333333333332 2.339712918660287 1.5289855072463767 1.0469208211143695 1.4411307833628486
第324筆資料
34.958333333333336 1.8732876712328768 1.768976897689769 1.3633802816901408 1.219016839518277
第325筆資料
20.083333333333332 1.8187134502923976 1.9212121212121211 0.7092198581560284 1.2662845560333658
第326筆資料
11.041666666666666 1.6767676767676767 2.1927710843373496 0.8402777777777778 1.3806623541693386
第327筆資料
12.333333333333334 2.8947368421052633 1.7924528301886793 1.1764705882352942 2.061346903705726
第328筆資料
0.0 0.0 0.0 0.0 0.0
第329筆資料
8.625 2.234375 2.1363636363636362 1.3258426966292134 1.7091452301139256
第330筆資料
10.666666666666666 1.3063063063063063 1.1694915254237288 1.115702479338843 0.3686977002893164
第331筆資料
17.583333333333332 1.4252873563218391 1.1641025641025642 0.9905660377358491 0.4559473507284109
第332筆資料
29.875 1.1088235294117648 1.3129032258064517 1.1402985074626866 0.35977028847581904
第333筆資料
14.416666666666666 1.4539007092198581 0.8702702702702703 1.0 0.4720759013188863
第334筆資料
16.958333333333332 2.0833333333333335 1.0659898477157361 0.9289099526066351 1.087667028989593
第335筆資料
45.916666666666664 2.0274725274725274 0.964349376114082 1.0521415270018621 1.0294122111828305
第336筆資料
16.333333333333332 1.0310880829015545 1.3058823529411765 0.8490566037735849 0.3425118853466094
第337筆資料
8.458333333333334 1.1595744680851063 1.1145833333333333 0.8288288288288288 0.26056270067400816
第338筆資料
19.916666666666668 2.918032786885246 0.7132616487455197 0.8818897637795275 1.9429407303227182
第339筆資料
26.625 1.1158940397350994 0.948170731707317 0.996875 0.12699396490729672
第340筆資料
21.958333333333332 1.8956043956043955 0.7864406779661017 1.0748031496062993 0.9237479789664036
第341筆資料
10.791666666666666 1.3981481481481481 1.5643564356435644 0.9923076923076923 0.6907092774270094
第342筆資料
23.333333333333332 2.4782608695652173 0.6138328530259366 0.7554858934169278 1.5473097337662935
第343筆資料
15.5 1.8837209302325582 0.9578947368421052 0.7547169811320755 0.918095471648595
第344筆資料
23.333333333333332 2.4782608695652173 0.6138328530259366 0.7554858934169278 1.5473097337662935
第345筆資料
24.958333333333332 2.2032085561497325 0.7114285714285714 0.8430769230769231 1.2472406147374633
第346筆資料
15.833333333333334 2.4545454545454546 1.6950354609929077 1.0105820105820107 1.6121069289362988
第347筆資料
24.041666666666668 3.274074074074074 0.7537993920972644 0.9828178694158075 2.287427126559215
第348筆資料
24.041666666666668 3.274074074074074 0.7537993920972644 0.9828178694158075 2.287427126559215
第349筆資料
19.833333333333332 1.9937106918238994 1.3919597989949748 1.2559241706161137 1.098449181427552
第350筆資料
32.541666666666664 1.1754874651810585 0.7202643171806168 0.9142156862745098 0.34118448258889666
第351筆資料
31.291666666666668 1.1095505617977528 1.1396011396011396 1.1335227272727273 0.2220768391041426
第352筆資料
14.708333333333334 1.614814814814815 1.028735632183908 1.1011904761904763 0.6237487519381817
第353筆資料
30.625 1.3040752351097178 1.155425219941349 0.9240837696335078 0.34983141887758623
第354筆資料
34.708333333333336 0.9105504587155964 1.1806282722513088 0.8429203539823009 0.255542185099699
第355筆資料
43.916666666666664 0.5637982195845698 1.1821946169772257 0.981203007518797 0.47309639463792963
第356筆資料
46.541666666666664 0.9493891797556719 1.2474849094567404 0.8251633986928104 0.3072101441867828
第357筆資料
25.375 1.0032894736842106 0.9456869009584664 1.0505050505050506 0.07423943353186542
第358筆資料
30.791666666666668 2.9945945945945946 1.0470914127423823 1.1608187134502923 2.0016213069748874
第359筆資料
15.125 2.5242718446601944 1.42 0.815 1.5918635797152318
第360筆資料
26.916666666666668 2.329896907216495 1.8209606986899562 1.2352941176470589 1.5804953572904945
第361筆資料
34.833333333333336 2.5126050420168067 1.100502512562814 0.981042654028436 1.5160587551715765
第362筆資料
13.166666666666666 1.4881889763779528 1.8727272727272728 0.9386503067484663 1.0018708270435834
第363筆資料
13.541666666666666 3.1666666666666665 1.3214285714285714 0.7567567567567568 2.203843925135931
第364筆資料
0.0 0.0 0.0 0.0 0.0
第365筆資料
27.791666666666668 2.018099547511312 0.9057142857142857 1.144694533762058 1.0326436910482362
第366筆資料
33.083333333333336 3.157068062827225 0.816933638443936 0.9702233250620348 2.1650271524331823
第367筆資料
53.5 2.4796747967479673 1.3176895306859207 0.8994082840236687 1.516734266561431
第368筆資料
26.25 2.1343283582089554 1.6808510638297873 0.9090909090909091 1.3260933067341432
第369筆資料
48.083333333333336 2.2691218130311617 2.044854881266491 0.743202416918429 1.6638319920876783
第370筆資料
19.708333333333332 1.598901098901099 3.185840707964602 1.1697247706422018 2.2727491336770282
第371筆資料
0.0 0.0 0.0 0.0 0.0
第372筆資料
35.541666666666664 1.6408668730650156 1.0603864734299517 0.7807933194154488 0.6800062087792541
第373筆資料
17.625 1.3764044943820224 0.6459143968871596 1.1256281407035176 0.5318264636696756
第374筆資料
0.0 0.0 0.0 0.0 0.0
第375筆資料
18.958333333333332 2.9224137931034484 0.919831223628692 1.541899441340782 1.9989389258165726
第376筆資料
4.625 2.9642857142857144 1.9210526315789473 1.0555555555555556 2.170217209690894
第377筆資料
36.833333333333336 3.354679802955665 0.7032755298651252 1.199004975124378 2.381630820624474
第378筆資料
0.0 0.0 0.0 0.0 0.0
第379筆資料
8.333333333333334 1.4390243902439024 0.7391304347826086 0.8348623853211009 0.5367175952654968
第380筆資料
26.666666666666668 3.0 2.2 1.1333333333333333 2.336188729058031
第381筆資料
7.708333333333333 1.2289156626506024 1.1511627906976745 0.9680851063829787 0.276172283788325
第382筆資料
12.0 1.0 1.0 1.0 0.0
第383筆資料
12.0 1.0 1.0 1.0 0.0
第384筆資料
16.583333333333332 1.6891891891891893 1.0729166666666667 1.0101010101010102 0.6931093774997498
第385筆資料
9.5 1.4782608695652173 1.2135922330097086 1.0727272727272728 0.5288141049156108
第386筆資料
0.0 0.0 0.0 0.0 0.0
第387筆資料
8.25 2.5357142857142856 0.8857142857142857 1.302325581395349 1.5693566672374928
第388筆資料
0.0 0.0 0.0 0.0 0.0
第389筆資料
0.0 0.0 0.0 0.0 0.0
第390筆資料
40.416666666666664 2.54014598540146 1.6944444444444444 0.5849673202614379 1.7396996487954346
第391筆資料
2.9583333333333335 1.21875 1.2903225806451613 1.84 0.9152807019338199
第392筆資料
16.666666666666668 2.6363636363636362 0.9801980198019802 0.6260162601626016 1.6786726621041257
第393筆資料
6.166666666666667 3.2285714285714286 1.5517241379310345 0.8271604938271605 2.3023474176402465
第394筆資料
0.0 0.0 0.0 0.0 0.0
第395筆資料
0.0 0.0 0.0 0.0 0.0
第396筆資料
0.0 0.0 0.0 0.0 0.0
第397筆資料
14.75 1.5285714285714285 1.744186046511628 0.9776536312849162 0.913071731639633
第398筆資料
28.041666666666668 3.259493670886076 0.7710526315789473 0.6454767726161369 2.2985680901456518
第399筆資料
12.5 0.948051948051948 0.910828025477707 1.0689655172413792 0.12412285732198139
第400筆資料
75.08333333333333 2.0750853242320817 1.2385093167701864 0.9608269858541894 1.101920901699686
第401筆資料
8.5 1.8732394366197183 1.125 0.8715596330275229 0.8914421133960115
第402筆資料
13.666666666666666 1.7333333333333334 0.9069767441860465 1.2162162162162162 0.7701821577100211
第403筆資料
0.0 0.0 0.0 0.0 0.0
第404筆資料
0.0 0.0 0.0 0.0 0.0
第405筆資料
0.0 0.0 0.0 0.0 0.0
第406筆資料
14.833333333333334 0.9243243243243243 0.797979797979798 1.170731707317073 0.27511504102221673
第407筆資料
14.166666666666666 2.1481481481481484 1.2972972972972974 1.0118343195266273 1.186073313161947
第408筆資料
7.5 1.4 1.4 1.0454545454545454 0.5675086921823129
第409筆資料
0.0 0.0 0.0 0.0 0.0
第410筆資料
5.75 0.7692307692307693 1.6037735849056605 0.6235294117647059 0.7480154299918442
第411筆資料
20.125 1.3676470588235294 0.5993377483443708 1.004149377593361 0.5437939105008098
第412筆資料
25.5 1.390625 0.987012987012987 1.2417582417582418 0.4595689290948218
第413筆資料
0.0 0.0 0.0 0.0 0.0
第414筆資料
0.0 0.0 0.0 0.0 0.0
第415筆資料
4.666666666666667 1.434782608695652 1.196078431372549 0.9649122807017544 0.47824033301183244
第416筆資料
0.0 0.0 0.0 0.0 0.0
第417筆資料
45.916666666666664 2.826388888888889 0.8275290215588723 1.2173038229376258 1.8473395906883328
第418筆資料
11.625 1.0514705882352942 1.0364963503649636 1.0820895522388059 0.1035369481393817
第419筆資料
20.541666666666668 2.140127388535032 0.9879032258064516 1.240909090909091 1.1653643139019856
第420筆資料
34.458333333333336 1.96415770609319 0.9322429906542056 1.3971014492753624 1.0449309333879255
第421筆資料
58.291666666666664 1.89648033126294 0.9621318373071529 1.0573529411764706 0.8991108618789088
第422筆資料
44.041666666666664 1.3436807095343681 0.7794612794612794 1.0366088631984585 0.4099926416749282
第423筆資料
18.583333333333332 2.878260869565217 1.1339712918660287 0.8506224066390041 1.8889483493686274
第424筆資料
11.708333333333334 1.178294573643411 1.0814814814814815 0.9115646258503401 0.2150558118630906
第425筆資料
22.458333333333332 1.2742616033755274 0.9113475177304965 0.9045936395759717 0.3036133450756395
第426筆資料
23.208333333333332 1.1929133858267718 1.703883495145631 0.9206896551724137 0.7341373713183719
第427筆資料
15.916666666666666 1.984375 1.5810810810810811 1.053763440860215 1.1443512882801714
第428筆資料
11.25 0.9565217391304348 1.0149253731343284 1.0610687022900764 0.07643632860646096
第429筆資料
14.125 1.1592356687898089 1.0925925925925926 1.2156862745098038 0.2836370135047152
第430筆資料
39.541666666666664 2.071197411003236 1.275779376498801 1.2121212121212122 1.1262830756403452
第431筆資料
15.666666666666666 1.35 1.1363636363636365 1.160919540229885 0.4086442704236923
第432筆資料
25.916666666666668 1.559670781893004 1.1084745762711865 0.9138461538461539 0.5765592797007438
第433筆資料
20.666666666666668 1.6666666666666667 1.0411522633744856 1.0327868852459017 0.6687398096938865
第434筆資料
5.708333333333333 2.0444444444444443 1.1746031746031746 1.044776119402985 1.0598846007849916
第435筆資料
39.208333333333336 0.5104333868378812 0.6773618538324421 1.3583959899749374 0.6871815827825871
第436筆資料
14.583333333333334 1.1341463414634145 0.912568306010929 0.7326732673267327 0.31161374174381673
第437筆資料
0.0 0.0 0.0 0.0 0.0
第438筆資料
16.583333333333332 1.6891891891891893 1.0729166666666667 1.0101010101010102 0.6931093774997498
第439筆資料
5.25 1.1355932203389831 1.1355932203389831 0.8529411764705882 0.24165541661971232
第440筆資料
5.041666666666667 0.7285714285714285 1.469387755102041 1.0508474576271187 0.5445950770752801
第441筆資料
99.25 1.8942891859052249 0.8995215311004785 1.010126582278481 0.8999731209364338
第442筆資料
26.666666666666668 2.2653061224489797 1.4521072796934866 1.1122112211221122 1.348329312150571
第443筆資料
83.79166666666667 3.458980044345898 0.9793307086614174 1.0478615071283095 2.4595326389296783
第444筆資料
17.875 1.6319018404907975 1.234375 1.145 0.6893885527339841
第445筆資料
32.833333333333336 0.9313725490196079 1.2134831460674158 1.5095541401273886 0.5567137526627757
第446筆資料
36.166666666666664 2.024390243902439 0.7860082304526749 1.1119221411192215 1.0524706242500097
第447筆資料
43.708333333333336 2.085294117647059 0.8533568904593639 1.098 1.09953241124355
第448筆資料
79.79166666666667 2.5727611940298507 1.0264550264550265 1.1712018140589568 1.5822729546472112
第449筆資料
2.7083333333333335 1.826086956521739 1.03125 1.1666666666666667 0.8433113304190377
第450筆資料
4.458333333333333 1.5476190476190477 1.3777777777777778 1.5476190476190477 0.8616781835541049
第451筆資料
13.25 1.4090909090909092 1.2237762237762237 0.9629629629629629 0.4677637355982782
第452筆資料
12.208333333333334 1.344 1.421487603305785 1.0633802816901408 0.5477269939007722
第453筆資料
6.041666666666667 1.3770491803278688 1.0422535211267605 1.3387096774193548 0.5086017007551692
第454筆資料
35.791666666666664 1.7183544303797469 1.13681592039801 0.965675057208238 0.7320723225325643
第455筆資料
14.041666666666666 1.6746031746031746 1.2466666666666666 0.9823529411764705 0.7185021268682834
第456筆資料
9.125 2.9107142857142856 1.4606741573033708 0.8559322033898306 1.9707372455149703
第457筆資料
0.0 0.0 0.0 0.0 0.0
第458筆資料
0.0 0.0 0.0 0.0 0.0
第459筆資料
1.8333333333333333 1.9333333333333333 0.8333333333333334 0.6296296296296297 1.0178718485827056
第460筆資料
0.0 0.0 0.0 0.0 0.0
第461筆資料
21.333333333333332 1.9090909090909092 1.015748031496063 0.9393939393939394 0.9112449594208586
第462筆資料
0.0 0.0 0.0 0.0 0.0
第463筆資料
3.0416666666666665 2.4761904761904763 1.5172413793103448 1.8076923076923077 1.7604101312965847
第464筆資料
15.083333333333334 1.1294117647058823 0.9153439153439153 1.3205128205128205 0.3558686915516344
第465筆資料
5.0 1.4489795918367347 1.3076923076923077 1.3076923076923077 0.6252453808801122
第466筆資料
5.0 1.4489795918367347 1.3076923076923077 1.3076923076923077 0.6252453808801122
第467筆資料
25.25 2.139896373056995 0.8819875776397516 1.0267558528428093 1.14630124696834
第468筆資料
0.0 0.0 0.0 0.0 0.0
第469筆資料
0.0 0.0 0.0 0.0 0.0
第470筆資料
16.458333333333332 3.2934782608695654 1.0050761421319796 0.9362745098039216 2.2943690283825227
第471筆資料
0.0 0.0 0.0 0.0 0.0
第472筆資料
18.583333333333332 1.7701863354037266 1.5056179775280898 1.3597883597883598 0.9890825012512434
第473筆資料
48.125 2.1385869565217392 2.85 1.2340425531914894 2.184869830050712
第474筆資料
5.583333333333333 1.2333333333333334 2.116279069767442 1.2333333333333334 1.164030863203272
第475筆資料
18.458333333333332 1.2373737373737375 1.1298076923076923 1.0604651162790697 0.27722257928182187
第476筆資料
11.958333333333334 2.6794871794871793 0.6783625730994152 1.1578947368421053 1.7172823205191008
第477筆資料
8.708333333333334 1.9027777777777777 1.0490196078431373 0.9716981132075472 0.9045505153381376
第478筆資料
0.0 0.0 0.0 0.0 0.0
第479筆資料
31.541666666666668 2.0524193548387095 1.2264705882352942 1.403174603174603 1.149532594761786
第480筆資料
10.375 2.1125 1.5408163265306123 1.3942307692307692 1.2982898168168575
第481筆資料
11.208333333333334 1.7731958762886597 1.4454545454545455 1.1015625 0.8980960731359169
第482筆資料
0.0 0.0 0.0 0.0 0.0
第483筆資料
11.666666666666666 3.1176470588235294 1.9787234042553192 0.9858156028368794 2.3329230087818904
第484筆資料
10.0 2.6363636363636362 1.0512820512820513 0.7391304347826086 1.6578204755804016
第485筆資料
8.0 1.4303797468354431 1.3132530120481927 1.206896551724138 0.5711045080882693
第486筆資料
16.333333333333332 0.7345132743362832 1.1304347826086956 1.0206185567010309 0.29651569755790824
第487筆資料
12.083333333333334 1.248062015503876 1.248062015503876 1.1167883211678833 0.36974185458628167
第488筆資料
12.958333333333334 2.1414141414141414 1.853211009174312 1.0326797385620916 1.4254344017558003
第489筆資料
0.0 0.0 0.0 0.0 0.0
第490筆資料
7.708333333333333 1.4342105263157894 1.032967032967033 0.9680851063829787 0.43662817918758984
第491筆資料
48.458333333333336 1.9592875318066159 0.887987012987013 0.8758064516129033 0.9737574212298352
第492筆資料
20.458333333333332 2.251655629139073 1.262672811059908 1.1919642857142858 1.2932475040051066
第493筆資料
55.541666666666664 3.2183544303797467 0.8669467787114846 1.3304195804195804 2.246770268097153
第494筆資料
10.791666666666666 2.3636363636363638 0.6602564102564102 0.9770992366412213 1.4055085499439983
第495筆資料
12.125 3.409090909090909 0.8074534161490683 0.7530120481927711 2.429361283044384
第496筆資料
0.0 0.0 0.0 0.0 0.0
第497筆資料
0.0 0.0 0.0 0.0 0.0
第498筆資料
0.0 0.0 0.0 0.0 0.0
第499筆資料
0.0 0.0 0.0 0.0 0.0
第500筆資料
0.0 0.0 0.0 0.0 0.0
第501筆資料
20.166666666666668 2.1225806451612903 1.0421940928270041 1.2201834862385321 1.1447481880188266
第502筆資料
5.083333333333333 2.388888888888889 1.2181818181818183 0.8769230769230769 1.4112985440572874
第503筆資料
15.791666666666666 1.828358208955224 0.5532786885245902 1.0159574468085106 0.941271423436653
第504筆資料
43.958333333333336 0.9830827067669173 1.650753768844221 1.1057884231536925 0.6595133455424816
第505筆資料
54.125 0.8425531914893617 1.311387900355872 0.9301634472511144 0.35584978024170805
第506筆資料
49.583333333333336 2.1233595800524934 1.0659722222222223 1.0169491525423728 1.1254227445598197
第507筆資料
20.916666666666668 2.0240963855421685 0.7676056338028169 1.0160642570281124 1.0502564490040467
第508筆資料
42.166666666666664 2.9686274509803923 1.1350210970464134 1.6561679790026247 2.0794905996588593
第509筆資料
7.75 1.1379310344827587 0.9578947368421052 0.9787234042553191 0.14577557060619623
第510筆資料
88.04166666666667 1.1694045174537988 1.3348066298342542 1.0181470869149951 0.37566299615243737
第511筆資料
29.375 0.8601583113456465 1.1962616822429906 1.1234939759036144 0.2707860924919008
第512筆資料
29.833333333333332 0.9093333333333333 1.21671826625387 1.099706744868035 0.2552032255766121
第513筆資料
107.33333333333333 1.2458587619877943 0.9724349157733537 0.9815384615384616 0.24808706761328747
第514筆資料
39.083333333333336 1.3928571428571428 1.0984340044742729 1.052516411378556 0.40839192131431834
第515筆資料
69.08333333333333 1.0 1.190224570673712 1.2650273224043715 0.3262282466446288
第516筆資料
84.29166666666667 0.7855251544571933 0.9833333333333333 0.9678988326848249 0.21750338409180084
第517筆資料
24.25 1.8955223880597014 1.4661016949152543 1.1555555555555554 1.0214737727338967
第518筆資料
35.333333333333336 0.8275862068965517 1.3232876712328767 0.8637362637362638 0.3909082248355083
第519筆資料
120.75 1.1659192825112108 1.015299026425591 0.9768076398362893 0.16822946854986254
第520筆資料
108.25 1.098546042003231 0.9060895084372708 1.0202177293934682 0.13761998184087768
第521筆資料
114.16666666666667 1.1660079051383399 1.0900076277650648 0.9912790697674418 0.1890398165689854
第522筆資料
36.166666666666664 2.024390243902439 0.7860082304526749 1.1119221411192215 1.0524706242500097
第523筆資料
39.25 0.7977099236641222 1.1605504587155964 0.9422680412371134 0.26463314954926437
第524筆資料
15.166666666666666 0.9259259259259259 1.4266666666666667 1.0335195530726258 0.4343443027513593
第525筆資料
18.208333333333332 0.9954337899543378 1.051643192488263 1.3621621621621622 0.36585420772014254
第526筆資料
8.625 2.0441176470588234 1.5875 0.9166666666666666 1.2009506048726974
第527筆資料
6.416666666666667 0.7303370786516854 1.2647058823529411 1.0810810810810811 0.3864730741094821
第528筆資料
51.458333333333336 3.395017793594306 1.065217391304348 1.1329879101899827 2.3995935747577297
第529筆資料
63.958333333333336 1.9863813229571985 0.9857697283311773 1.2214182344428364 1.0110275216107347
第530筆資料
12.291666666666666 1.892156862745098 1.2868217054263567 1.0486111111111112 0.9383888312263292
第531筆資料
4.708333333333333 0.8225806451612904 2.054054054054054 1.0178571428571428 1.0690306141033523
第532筆資料
18.791666666666668 2.0472972972972974 0.9273504273504274 0.986784140969163 1.049897256050473
第533筆資料
14.541666666666666 1.982905982905983 1.2960526315789473 1.154320987654321 1.0380589092762518
第534筆資料
10.458333333333334 1.0916666666666666 1.182608695652174 1.182608695652174 0.27403402933459625
第535筆資料
11.0 1.0625 1.0465116279069768 1.0307692307692307 0.08376351886523892
第536筆資料
28.083333333333332 0.7552083333333334 1.728744939271255 1.005952380952381 0.7687831797209873
第537筆資料
5.75 1.0 1.123076923076923 0.725 0.3012854609736136
第538筆資料
57.458333333333336 2.3228915662650604 1.1021341463414633 1.06437125748503 1.3283889260056063
第539筆資料
7.583333333333333 1.0919540229885059 1.4594594594594594 1.2195121951219512 0.5174399878612078
第540筆資料
8.875 2.8727272727272726 1.009433962264151 1.088235294117647 1.8748285001003577
第541筆資料
45.541666666666664 2.0875706214689265 0.8651877133105802 0.8683760683760684 1.1037703876716745
第542筆資料
25.833333333333332 1.9665071770334928 1.0129870129870129 1.080536912751678 0.9699438025365942
第543筆資料
7.416666666666667 1.6176470588235294 1.696969696969697 2.2363636363636363 1.5478532517941428
第544筆資料
28.291666666666668 2.296116504854369 0.5537757437070938 0.8808864265927978 1.3759440847759388
第545筆資料
40.083333333333336 1.5585106382978724 0.8937007874015748 0.9473684210526315 0.5709673710409686
第546筆資料
10.25 0.8222222222222222 1.46 0.7083333333333334 0.5729523389567839
第547筆資料
14.708333333333334 1.385135135135135 0.9289617486338798 1.1790123456790123 0.4306053011496921
第548筆資料
40.5 1.6341463414634145 1.1793721973094171 1.025 0.6595005440172449
第549筆資料
14.208333333333334 1.2 0.8432432432432433 1.13125 0.2860056700292793
第550筆資料
0.0 0.0 0.0 0.0 0.0
第551筆資料
37.625 1.9801980198019802 0.9630434782608696 0.9889867841409692 0.9809562851862134
第552筆資料
6.458333333333333 1.0129870129870129 1.421875 1.4603174603174602 0.6245312981784351
第553筆資料
13.083333333333334 1.5950413223140496 1.7543859649122806 1.0933333333333333 0.965341116097826
第554筆資料
76.95833333333333 2.286476868327402 0.9565677966101694 1.0296703296703296 1.2875517144936437
第555筆資料
0.0 0.0 0.0 0.0 0.0
第556筆資料
41.25 3.3421052631578947 0.9111969111969112 1.053941908713693 2.344408834185829
第557筆資料
26.666666666666668 2.2653061224489797 1.4521072796934866 1.1122112211221122 1.348329312150571
第558筆資料
2.6666666666666665 1.0 1.2857142857142858 1.3703703703703705 0.4677679599005365
第559筆資料
33.333333333333336 3.3956043956043955 0.9184652278177458 0.7467248908296943 2.4103353750545056
第560筆資料
0.0 0.0 0.0 0.0 0.0
第561筆資料
10.375 1.7666666666666666 0.9453125 0.992 0.7686562953843725
第562筆資料
11.416666666666666 1.6095238095238096 0.8767123287671232 0.9027777777777778 0.6294213888550899
第563筆資料
0.0 0.0 0.0 0.0 0.0
第564筆資料
16.333333333333332 1.9473684210526316 1.0206185567010309 0.9310344827586207 0.950099096229736
第565筆資料
9.625 2.2083333333333335 2.2535211267605635 1.2647058823529411 1.7610945073538122
第566筆資料
0.0 0.0 0.0 0.0 0.0
第567筆資料
22.833333333333332 1.8541666666666667 1.8541666666666667 1.037174721189591 1.2085459646965906
第568筆資料
26.5 2.5138121546961325 1.694915254237288 1.163265306122449 1.6736755989320866
第569筆資料
10.083333333333334 1.4444444444444444 1.813953488372093 1.1415929203539823 0.9381362910179943
第570筆資料
20.5 1.12987012987013 1.2672811059907834 1.1025641025641026 0.3143641763733911
第571筆資料
19.833333333333332 1.4285714285714286 1.5052631578947369 0.9116465863453815 0.6684090467804434
第572筆資料
0.0 0.0 0.0 0.0 0.0
第573筆資料
0.0 0.0 0.0 0.0 0.0
第574筆資料
11.875 1.5446428571428572 1.3170731707317074 1.5675675675675675 0.848118023148405
第575筆資料
11.833333333333334 1.5585585585585586 1.3089430894308942 1.5585585585585586 0.8481869836216158
第576筆資料
31.166666666666668 1.21301775147929 1.3821656050955413 1.3448275862068966 0.5570755571487663
第577筆資料
8.875 1.5662650602409638 1.1958762886597938 0.918918918918919 0.604646823044754
第578筆資料
0.0 0.0 0.0 0.0 0.0
第579筆資料
12.541666666666666 1.7117117117117118 1.181159420289855 1.0758620689655172 0.73831385579244
第580筆資料
22.583333333333332 3.0148148148148146 1.6183574879227054 1.3362068965517242 2.1342164365771987
第581筆資料
48.041666666666664 2.493939393939394 1.6384439359267735 0.9642248722316865 1.6250370555321234
第582筆資料
56.208333333333336 1.1934959349593497 2.065909090909091 1.0316265060240963 1.0837910789500573
第583筆資料
9.541666666666666 1.1401869158878504 1.8625 0.8617886178861789 0.8846813028045524
第584筆資料
71.20833333333333 2.141544117647059 0.989522700814901 0.9420454545454545 1.143062323616547
第585筆資料
12.791666666666666 1.4959349593495934 1.7657657657657657 0.9430379746835443 0.9141079609390047
第586筆資料
19.291666666666668 2.3795620437956204 1.1635514018691588 1.1045454545454545 1.3931511927285682
第587筆資料
36.125 1.899665551839465 0.7586206896551724 1.0162790697674418 0.9316260434002727
第588筆資料
28.666666666666668 0.7286432160804021 1.0355029585798816 0.764102564102564 0.36130674573013033
第589筆資料
46.458333333333336 3.35546875 0.5815602836879432 0.877104377104377 2.395501651542069
第590筆資料
17.083333333333332 1.9078014184397163 1.3295454545454546 0.9806763285024155 0.9659591224336969
第591筆資料
25.458333333333332 2.055 0.9837662337662337 0.9034267912772586 1.059535237643911
第592筆資料
0.0 0.0 0.0 0.0 0.0
第593筆資料
0.0 0.0 0.0 0.0 0.0
第594筆資料
14.0 2.0 0.8770949720670391 1.4525547445255473 1.1044960129777677
第595筆資料
14.0 2.0 0.8770949720670391 1.4525547445255473 1.1044960129777677
第596筆資料
0.0 0.0 0.0 0.0 0.0
第597筆資料
21.708333333333332 1.6313131313131313 1.0756972111553784 1.6581632653061225 0.915131259078997
第598筆資料
4.833333333333333 1.7619047619047619 2.2222222222222223 1.1886792452830188 1.4525583927359162
第599筆資料
21.708333333333332 1.6313131313131313 1.0756972111553784 1.6581632653061225 0.915131259078997
第600筆資料
12.708333333333334 0.8154761904761905 0.7329545454545454 1.2932330827067668 0.43743336848974057
第601筆資料
29.333333333333332 1.5232974910394266 0.5575221238938053 0.907859078590786 0.6914599658474428
第602筆資料
37.708333333333336 1.3567708333333333 0.6454545454545455 0.9337606837606838 0.5073219430224324
第603筆資料
16.916666666666668 1.1368421052631579 0.820627802690583 1.0505050505050506 0.23119452213878103
第604筆資料
26.583333333333332 1.362962962962963 0.7243243243243244 0.939209726443769 0.4598202344407376
第605筆資料
43.916666666666664 2.223241590214067 0.646875 1.1037924151696608 1.2774154058493232
第606筆資料
43.916666666666664 2.223241590214067 0.646875 1.1037924151696608 1.2774154058493232
第607筆資料
0.0 0.0 0.0 0.0 0.0
第608筆資料
0.0 0.0 0.0 0.0 0.0
第609筆資料
23.791666666666668 0.9689655172413794 0.7408536585365854 0.9096989966555183 0.27617790755052785
第610筆資料
26.041666666666668 1.670940170940171 0.5318627450980392 0.9654088050314465 0.8188465992954491
第611筆資料
24.583333333333332 3.2142857142857144 0.6388888888888888 0.9732441471571907 2.243697469517458
第612筆資料
16.541666666666668 1.2685714285714285 1.7191780821917808 0.748898678414097 0.8077125725480153
第613筆資料
43.333333333333336 1.2559652928416485 0.7077175697865353 0.8909090909090909 0.4035443923501858
第614筆資料
32.791666666666664 1.580327868852459 0.7108695652173913 0.9924050632911392 0.648409227839972
第615筆資料
39.75 1.2987951807228915 1.0254777070063694 0.9710743801652892 0.3012712483134592
第616筆資料
5.875 0.7625 0.9315068493150684 1.0142857142857142 0.24759168670091047
第617筆資料
45.625 1.59478672985782 0.7804878048780488 0.9588550983899821 0.6353343692503303
第618筆資料
13.791666666666666 1.648 1.3642857142857143 1.0559006211180124 0.7454749902404725
第619筆資料
6.291666666666667 1.6491228070175439 1.1267605633802817 1.2205882352941178 0.6971999918022053
第620筆資料
31.083333333333332 1.3682539682539683 0.7188940092165899 0.9893333333333333 0.4634062375140144
第621筆資料
23.416666666666668 2.6973684210526314 1.3914893617021276 1.5779816513761469 1.8353163940967072
第622筆資料
34.833333333333336 1.368271954674221 0.6753507014028056 0.981042654028436 0.49130518076395996
第623筆資料
37.291666666666664 1.3866666666666667 0.6918714555765595 0.8684759916492694 0.51161790016795
第624筆資料
31.125 2.048979591836735 0.6900452488687783 0.8816120906801007 1.1002026308421178
第625筆資料
39.958333333333336 1.3333333333333333 0.653448275862069 0.9452332657200812 0.4839510345042884
第626筆資料
28.541666666666668 1.2532894736842106 0.7885117493472585 0.8870523415977961 0.3487692807314345
第627筆資料
23.916666666666668 1.371900826446281 0.718562874251497 1.064748201438849 0.47086028718779344
第628筆資料
19.083333333333332 1.3131313131313131 1.0355555555555556 0.9656652360515021 0.3170083481702079
第629筆資料
24.208333333333332 1.3333333333333333 0.815625 0.9302325581395349 0.3872631504285741
第630筆資料
26.625 1.6081632653061224 0.717741935483871 1.1661016949152543 0.69074014311166
第631筆資料
4.25 1.7567567567567568 1.1702127659574468 0.9615384615384616 0.7766160341717895
第632筆資料
0.0 0.0 0.0 0.0 0.0
第633筆資料
28.458333333333332 2.2836538461538463 0.7117794486215538 0.9797101449275363 1.315769721950357
第634筆資料
0.0 0.0 0.0 0.0 0.0
第635筆資料
24.833333333333332 1.1672727272727272 0.7685459940652819 1.0 0.2855715709808746
第636筆資料
0.0 0.0 0.0 0.0 0.0
第637筆資料
11.25 2.9705882352941178 0.9148936170212766 1.0 1.972425179697143
第638筆資料
11.25 1.368421052631579 1.1774193548387097 0.5 0.6459192670090781
第639筆資料
32.25 1.6782006920415224 0.67170626349892 0.959493670886076 0.7545685646843009
第640筆資料
23.916666666666668 0.7770897832817337 0.79375 1.0211267605633803 0.30442464951000087
第641筆資料
4.541666666666667 0.7580645161290323 1.0961538461538463 2.5161290322580645 1.538319077090911
第642筆資料
0.0 0.0 0.0 0.0 0.0
第643筆資料
10.166666666666666 1.1403508771929824 1.1785714285714286 1.2592592592592593 0.3446759163947204
第644筆資料
19.458333333333332 0.7043795620437956 0.9458333333333333 1.0663716814159292 0.3077834810531154
第645筆資料
23.166666666666668 0.8229508196721311 0.7877813504823151 0.8847457627118644 0.2994439958836211
第646筆資料
11.75 2.6153846153846154 3.0285714285714285 0.9583333333333334 2.593512214651926
第647筆資料
9.0 1.16 1.297872340425532 1.1176470588235294 0.35800665027400114
第648筆資料
8.666666666666666 1.8108108108108107 0.9622641509433962 1.4186046511627908 0.9132732445477798
第649筆資料
14.875 1.23125 1.1636363636363636 1.0517241379310345 0.28797362457148895
第650筆資料
14.666666666666666 2.087719298245614 1.4788732394366197 1.146341463414634 1.197442556091435
第651筆資料
10.75 0.9694656488549618 1.5048543689320388 0.9846153846153847 0.5060108366627618
第652筆資料
0.0 0.0 0.0 0.0 0.0
第653筆資料
23.916666666666668 0.3105022831050228 0.5683060109289617 0.64 0.8895879955369519
第654筆資料
7.583333333333333 1.1411764705882352 0.7669902912621359 1.2469135802469136 0.3676827930760483
第655筆資料
7.583333333333333 1.1411764705882352 0.7669902912621359 1.2469135802469136 0.3676827930760483
第656筆資料
21.958333333333332 2.193939393939394 2.233128834355828 0.8491228070175438 1.7230385735329306
第657筆資料
21.958333333333332 2.193939393939394 2.233128834355828 0.8491228070175438 1.7230385735329306
第658筆資料
68.91666666666667 0.8838268792710706 1.6763754045307444 1.278236914600551 0.7405374146391664
第659筆資料
18.541666666666668 0.5344827586206896 1.6331360946745561 1.225 0.8174304963733319
第660筆資料
18.541666666666668 0.5344827586206896 1.6331360946745561 1.225 0.8174304963733319
第661筆資料
19.875 1.0297872340425531 1.9444444444444444 1.0829694323144106 0.9485496901335515
第662筆資料
114.125 1.4543010752688172 1.428191489361702 1.246923707957342 0.6713484461169169
第663筆資料
78.70833333333333 1.5841313269493844 1.4628422425032594 1.0246516613076098 0.7456809324197043
第664筆資料
9.25 1.96 1.2424242424242424 1.036697247706422 0.9908159270541599
第665筆資料
26.875 1.087378640776699 1.094155844155844 1.094155844155844 0.15926604421967228
第666筆資料
8.666666666666666 0.8738738738738738 1.6666666666666667 1.101010101010101 0.6859703234412542
第667筆資料
8.666666666666666 0.8738738738738738 1.6666666666666667 1.101010101010101 0.6859703234412542
第668筆資料
629.1666666666666 0.46530810286268803 2.3348056537102475 1.2258254716981132 1.4555406905026098
第669筆資料
113.45833333333333 2.2494033412887826 0.7579083279535184 0.7613195342820182 1.2948302790764465
第670筆資料
97.08333333333333 3.1238938053097347 0.7492492492492493 0.8104118104118104 2.147031559355022
第671筆資料
97.08333333333333 3.1238938053097347 0.7492492492492493 0.8104118104118104 2.147031559355022
第672筆資料
97.08333333333333 3.1238938053097347 0.7492492492492493 0.8104118104118104 2.147031559355022
第673筆資料
97.08333333333333 3.1238938053097347 0.7492492492492493 0.8104118104118104 2.147031559355022
第674筆資料
134.16666666666666 0.8059450364554123 1.0575079872204474 1.0087336244541485 0.20258522568673293
第675筆資料
137.125 0.7239392352016762 0.8773531089560753 0.8072487644151565 0.3583362172084474
第676筆資料
8.625 1.25 0.34415584415584416 1.0097087378640777 0.7019443114277989
第677筆資料
65.66666666666667 0.676595744680851 1.6711864406779662 0.945679012345679 0.7470156090793761
第678筆資料
5.833333333333333 0.75 1.4137931034482758 0.9178082191780822 0.49038782743460674
第679筆資料
6.25 0.7857142857142857 2.75 0.7241379310344828 1.7845218542906318
第680筆資料
27.583333333333332 2.6373626373626373 1.7698744769874477 1.0369230769230768 1.809703409445121
第681筆資料
12.0 2.6923076923076925 0.8227848101265823 1.1654135338345866 1.709582459591027
第682筆資料
12.0 2.6923076923076925 0.8227848101265823 1.1654135338345866 1.709582459591027
第683筆資料
32.625 1.517684887459807 1.316568047337278 0.7755102040816326 0.6469997216156128
第684筆資料
5.25 2.8181818181818183 0.7746478873239436 0.6153846153846154 1.8720303664036395
第685筆資料
5.25 2.8181818181818183 0.7746478873239436 0.6153846153846154 1.8720303664036395
第686筆資料
0.0 0.0 0.0 0.0 0.0
第687筆資料
14.291666666666666 1.7007874015748032 0.5879629629629629 0.7411167512690355 0.8531694078960659
第688筆資料
14.291666666666666 1.7007874015748032 0.5879629629629629 0.7411167512690355 0.8531694078960659
第689筆資料
3.125 1.027027027027027 0.8292682926829268 1.34375 0.3847646534874564
第690筆資料
97.375 1.8156626506024096 1.173953488372093 1.5880398671096345 1.0204686477373448
第691筆資料
27.208333333333332 0.7320954907161804 0.7229551451187335 1.4275092936802973 0.5755787295355979
第692筆資料
0.0 0.0 0.0 0.0 0.0
第693筆資料
13.458333333333334 1.503875968992248 1.5634920634920635 2.4 1.5910418906321795
第694筆資料
49.125 3.382899628252788 0.767616191904048 2.65015479876161 2.9077867412292155
第695筆資料
49.125 3.382899628252788 0.767616191904048 2.65015479876161 2.9077867412292155
第696筆資料
16.083333333333332 0.8647342995169082 1.5064935064935066 1.1092896174863387 0.5355153614394077
第697筆資料
24.958333333333332 1.9362745098039216 0.5846560846560847 1.1091549295774648 1.0300656893484261
第698筆資料
24.958333333333332 1.9362745098039216 0.5846560846560847 1.1091549295774648 1.0300656893484261
第699筆資料
24.958333333333332 1.9362745098039216 0.5846560846560847 1.1091549295774648 1.0300656893484261
第700筆資料
24.958333333333332 1.9362745098039216 0.5846560846560847 1.1091549295774648 1.0300656893484261
第701筆資料
24.958333333333332 1.9362745098039216 0.5846560846560847 1.1091549295774648 1.0300656893484261
第702筆資料
24.958333333333332 1.9362745098039216 0.5846560846560847 1.1091549295774648 1.0300656893484261
第703筆資料
57.375 1.8867924528301887 0.7519083969465649 1.0102189781021897 0.9208988681802464
第704筆資料
57.375 1.8867924528301887 0.7519083969465649 1.0102189781021897 0.9208988681802464
第705筆資料
0.0 0.0 0.0 0.0 0.0
第706筆資料
4.708333333333333 1.26 2.896551724137931 1.2156862745098038 1.9264031279414175
第707筆資料
8.75 1.5609756097560976 1.6582278481012658 1.0192307692307692 0.8650591640127602
第708筆資料
6.291666666666667 1.849056603773585 0.9358974358974359 1.0972222222222223 0.8570054933487211
第709筆資料
5.791666666666667 3.212121212121212 1.7254901960784315 0.9577464788732394 2.3284333019801426
第710筆資料
10.416666666666666 0.953125 0.8796992481203008 1.2522522522522523 0.2833738437014872
第711筆資料
47.25 1.4282655246252676 0.7802197802197802 0.9318568994889267 0.486166830148314
第712筆資料
32.416666666666664 1.5933333333333333 1.2748538011695907 1.0051546391752577 0.6539232575515604
第713筆資料
14.583333333333334 3.4871794871794872 2.5353535353535355 1.1875 2.92891251661244
第714筆資料
14.583333333333334 3.4871794871794872 2.5353535353535355 1.1875 2.92891251661244
第715筆資料
0.0 0.0 0.0 0.0 0.0
第716筆資料
110.83333333333333 3.4112769485903813 0.8772053634438955 1.2111388196176227 2.423616027080158
第717筆資料
75.29166666666667 1.465211459754434 1.3902116402116402 0.817907444668008 0.633912079984949
第718筆資料
67.66666666666667 2.47008547008547 0.8752886836027713 1.1201044386422976 1.480246357190427
第719筆資料
35.208333333333336 0.9651162790697675 0.8055555555555556 1.041062801932367 0.2017713301333561
第720筆資料
19.208333333333332 1.46524064171123 0.7074074074074074 1.2378640776699028 0.5988644248790251
第721筆資料
22.208333333333332 0.8067796610169492 0.7475409836065574 1.0421455938697317 0.3206959704107645
第722筆資料
48.083333333333336 1.9665809768637532 0.7836166924265843 1.3266129032258065 1.042965248311222
第723筆資料
7.458333333333333 1.355263157894737 1.671641791044776 0.826530612244898 0.7793627110167033
第724筆資料
46.916666666666664 0.858085808580858 1.032490974729242 0.9447322970639033 0.15572353756846694
第725筆資料
36.0 1.4 0.8620689655172413 0.7314629258517034 0.501135840332351
第726筆資料
35.541666666666664 1.3434065934065933 0.6595330739299611 0.9564220183486238 0.4855356388850465
第727筆資料
27.625 1.1114649681528663 0.8571428571428571 1.1525974025974026 0.2368935830074327
第728筆資料
0.0 0.0 0.0 0.0 0.0
第729筆資料
10.583333333333334 0.6387096774193548 1.247787610619469 1.3962264150943395 0.5906985434089407
第730筆資料
15.916666666666666 0.7207207207207207 0.9895833333333334 1.4025157232704402 0.4900248261661073
第731筆資料
6.083333333333333 1.3174603174603174 1.1159420289855073 1.28125 0.4396875819798437
第732筆資料
14.583333333333334 0.7156862745098039 1.147239263803681 1.0 0.32017759963427256
第733筆資料
27.125 0.6778350515463918 1.5529411764705883 1.9862385321100917 1.1756702942863968
第734筆資料
33.541666666666664 1.0801033591731266 0.6597938144329897 0.5103189493433395 0.601618091667035
第735筆資料
27.291666666666668 0.5022935779816514 0.5745192307692307 0.8607954545454546 0.6694202513957285
第736筆資料
17.625 0.5724907063197026 0.7407407407407407 0.8154506437768241 0.5329521785086119
第737筆資料
27.166666666666668 0.9347181008902077 0.8161559888579387 0.9697885196374623 0.1974160082918289
第738筆資料
9.25 0.6444444444444445 0.8347107438016529 0.9821428571428571 0.3925037182652452
